        2006
  1817343929
   252568991
  1860728452  1007817049   671182761   821940876   530600511   729569744   814462202    47279644   216625909  1840141953   825462458  1612324323  2000528330   431444919  2091050109  2015429231  1757595472   573929833  1580528287  1869724820  1817343929  1692052915   183162984  2081258056  1075549457  1639372591   225784773  1136579686  1465369878  1275965645   486011921  2071985518
  1809570585
   0.0000000000000000        0.0000000000000000        0.0000000000000000        0.0000000000000000        0.0000000000000000        0.0000000000000000        0.0000000000000000        0.0000000000000000        0.0000000000000000        0.0000000000000000        0.0000000000000000        0.0000000000000000       0.79232160015360220        0.0000000000000000        0.0000000000000000        0.0000000000000000     
   0.0000000000000000        0.0000000000000000        0.0000000000000000        0.0000000000000000        0.0000000000000000        0.0000000000000000        0.0000000000000000        0.0000000000000000        0.0000000000000000        0.0000000000000000        0.0000000000000000        0.0000000000000000        5.7678399846397777E-002   0.0000000000000000        0.0000000000000000        0.0000000000000000     
   0.0000000000000000        0.0000000000000000        0.0000000000000000        0.0000000000000000        0.0000000000000000        0.0000000000000000        0.0000000000000000        0.0000000000000000        0.0000000000000000        0.0000000000000000        0.0000000000000000        0.0000000000000000        5.7678399846397777E-002   0.0000000000000000        0.0000000000000000        0.0000000000000000     
   0.0000000000000000        0.0000000000000000        0.0000000000000000        0.0000000000000000        0.0000000000000000        0.0000000000000000        0.0000000000000000        0.0000000000000000        0.0000000000000000        0.0000000000000000        0.0000000000000000        0.0000000000000000        0.0000000000000000        0.0000000000000000        0.0000000000000000        0.0000000000000000     
          32
   101.44023639201343     
   200.00000000000000     
   89.716277386348935     
   2.9999999999999997E-004
   41609.999999955202     
   1.0000000000000000        1.0000000000000000        1.0000000000000000        1.0000000000000000     
           1           1           1           1
   0.0000000000000000        0.0000000000000000        0.0000000000000000        0.0000000000000000        0.0000000000000000        0.0000000000000000        0.0000000000000000        0.0000000000000000        0.0000000000000000        0.0000000000000000        0.0000000000000000        0.0000000000000000       0.93214305900423788        0.0000000000000000        0.0000000000000000        0.0000000000000000     
   0.0000000000000000        0.0000000000000000        0.0000000000000000        0.0000000000000000        0.0000000000000000        0.0000000000000000        0.0000000000000000        0.0000000000000000        1.3793651858436378E-005   2.9242464511317068E-005   1.6797002829737565E-005   4.4245583352286663E-005
